111. INDEX VEBBORUM ΕΤ LOOUTIONUM· 195

quod) 150,12 prima 551 qua· 5515 6, 5

5111711· 3111183115 ‘'111051813’ fflum'
tatae: 515551111511115551111, 1155115115 48, 2

16 - tinguit 19, 5 aitinguat 5155 5115515177 - vicem agere
23, 7 depinguai 25, 12 - in· 91, 24

fiens 17, 19 11111111 27, 8. 152, 515555, qui pene 11151155 1115111-
31 fio (declinatur) 66, 18- 1115 suo vigore vivificat 6,15
1155515115 40, 23 1511111 (-- 155· 5151115, 136, 28

rint) ll, 12 —- 151111115211. victorio 140, 29

15. 81, 21 15111515111152,16 5151515 40,18. 42, 6. 51,16. 18.
1511111142, 5 - 53505515151, 52, 15. 58, 24. 63, 13

15 interrogam audibo agebo 5155155136, 33

58, 23 - 5555 ere 52, 8 vinus 86, 23

dixere} 55, 4. - 1511111 54, 9 virs viris 37, 18

1111511 59, 28 adivi 60, 13 518((15511115151)37,17
praeterivit 153,19 55111 (fut.) 51115155 159, 12 1

60, 16 15515111 80, 29 fluxa 5111555525, 21

1551111188, 3 vaticinatus fuis· 555555, 137, 4

sei 105, 4 reddita 1511551121, vocales= 155555156810. 75,4
2 repperieris 110, 23. 142, 7 voluntativa 160, 9
0551555111117, 7. 16. 143, 22 551551511555141, 2

1151155111 132, 31 5511555111 551555115163, 17

138, 13 55195155 opiniones 89, 6
5555551555 117, 24

vernale i. q. proprium 11, 5 55551. q. gaza 80, 17
5515151155· 155, 25 51. 5555512) 53, 20

 

