182 111. INDEX VERBORUM ET LOGUTIONUM.

0011000111 mas 150, 20
001100000011.010110010)76,15
00010011101101001010 134, 8
appense 160, 18

aptitudo 16, 14

apudpro in: 75,1. 87,23. 8812.
11. 4, 011. 1. 101, 11. 111, 11
aput (nomen) 174, 13 aput
000100 scribitur neutrale ligni
10111001111101, quo tundenda
quaeque vel 101110 1010010010
feriuntur

01000011090110 77, 27

0101010 17, 11

010101 86, 9 - 1101111101 8, 9
audibilis 19011 151, 5

ardua 11101101 quad ardeat 6,
10011100 87,ss

0100010 cessi 18, 14

0119, 1. 11, 12. 14. 2513111.
— filosophiae 01101 17, 20 -
1. notaria 92, 14 pronominum
111 130,7 011 aa disciplina
artis (nomin.) 38, 6
01110010046, 24
01011011001170, 18

asseria 1100 011 0010110 (101101-
tas) 101

01101 85,9

astronomia 22, 8
011000010105, 18. 80, 2
audaciter 113, 10

curiatum expeudant 4, 20
audenter 25, 20

arimatia fructuum 87, 7
001010 10011 112, 22

aut 116, 24. 128,15 (101101)
0010011000 44, 15 - alsatio
00100010 4, 10

0011010 19, 21

baa 29, 1
bei caira 10010 85, 19
60110 1001100 85, 19

belsa: 10110111 hoc 01110 campo
20, 21. 22

beisauia 1100 011 peruersa (11.-
tinius) 00, 11

50110 hoc 011 ruore feritatis 85, 18
11100110 10101000 (fort. Biger-
rico = Aquitanico) 8, 13
51001110126, 12

bouis (0001.) 41, 24
5001101001.) 38, 6

111000 (adv.) 6, 5

buccellae 131, 25

breviare (1011111011οτ1) 114, 5

1000010 (0110001.) 78, 21
buxus 32, 5

calcu, 0010011 cx 001010 6, 11
0010010 pericu 16, 16, 17
calciatus 135, 22

calesco calescat 139, 2

0011100 189, 8

0011110140, 17

00101110 39, 19

000100 010 1011010 191, 27
0001101 i. q. antiquitus 4, 10
00000 pro esne 137, 31. 138, 2
00001010 suffataruu auctoritas
15, 7

cautaruru 40, 11

cauturus 40, 10

000100001ωο 17, 1. 4

0001010110 17, 2. 8

00010101 13, 2

1001100011, 10

0001110000 metrorum 13, 9
000101 poetici 15, 23

0001110 (00011001) 8, 2
capitas 85, 25

0010010101 00100 7, 10
caraxare i. q. 1011110105,13. 7,
13. 88, 21. 115, 3. 30. 162, 6.
170, 15

0010100000. 128, 23
001010010 uersuum 8, 1

0010 110, 15

00010110 35, 7

causativas 52, 19
6111111011οπ
ceros 111, 11. 111, 4

 

